100 9
1	1323	476	378	276	193
2	2298	951	753	318	276
3	2412	951	753	230	478
4	604	0	587	17	0
5	3016	1189	941	225	661
6	2412	951	753	46	662
7	1926	713	566	224	423
8	1926	713	566	30	617
9	2412	1325	566	87	434
10	1208	476	371	361	0
11	2788	1189	941	263	395
12	2412	951	753	291	417
13	3391	1426	1130	317	518
14	2412	951	753	137	571
15	3430	1663	527	361	879
16	3016	1189	941	131	755
17	3505	1426	1130	218	731				
18	3133	1189	941	295	708
19	1323	476	378	0	469
20	1809	713	566	190	340
21	1206	476	378	0	352
22	838	238	189	252	159
23	2412	951	753	306	402
24	1695	713	566	117	299
25	3133	1189	941	64	939				
26	2298	951	753	219	375
27	1092	476	376	240	0
28	1809	713	565	108	423
29	2412	951	753	284	424
31	1206	476	378	144	208
32	2049	713	805	78	453
33	1323	476	378	0	469
34	1809	713	565	167	364
35	1323	476	378	15	454
36	3619	1426	1130	496	567
37	2044	713	565	0	766
38	1926	713	565	201	447
39	3016	1189	941	245	641
40	4108	1426	1600	358	724
41	2412	951	753	284	424
42	3016	1189	941	0	886
43	3505	1426	1130	294	655
44	1809	713	578	518	0
45	2298	951	709	638	0
46	1695	713	565	0	417
47	1581	713	565	132	171
48	2412	951	753	283	425
49	2412	951	753	329	379
50	2298	951	753	262	332
51	1926	713	565	136	512
52	3016	1189	262	1565	0
53	2530	951	753	15	811
54	3016	1189	941	0	886
55	1440	476	378	34	552
56	3619	1189	1318	372	740
57	3133	1189	941	806	197
58	1809	713	565	531	0
59	1323	476	378	0	469
60	2530	951	753	594	232
61	1323	476	378	178	291
62	1695	713	565	279	138
63	1581	713	565	202	101
64	1809	713	565	246	285
65	1323	476	378	0	469
66	1206	476	378	0	352
67	1926	713	565	78	570
68	721	0	721	0	0
69	1323	476	378	90	379
70	2902	1189	941	411	361
71	3505	1426	1130	61	888
72	4942	1901	1506	1259	276
73	3133	1189	941	525	478
74	1926	713	565	96	552
75	3016	1189	941	0	886
76	1206	476	371	359	0
77	1440	476	378	178	408
78	4222	1663	1318	338	903
79	3016	1189	941	343	543
80	3016	1189	941	222	664	
81	3505	1427	1130	208	740
82	1206	476	378	223	129
83	1323	476	378	147	322
84	2412	951	753	158	550
85	1363	476	418	160	309
86	3619	1426	1130	489	574
87	955	238	189	0	528
88	3619	1426	1130	150	913
89	1321	476	787	58	0
90	3016	1189	941	327	559	
91	2412	951	753	446	262
92	1695	1088	312	295	0
93	1323	476	378	0	469
94	1323	476	378	55	414
95	3506	1426	1130	312	638
96	3016	1189	941	325	561
97	1926	713	565	92	556	
98	3193	1564	753	315	561		
99	3016	1189	941	252	634		
100	1926	713	565	303	345
103	955	0	441	0	514
2	TLB1	6523
2	TLB2	6499
2	8M1	10922
2	8M2	8464
2	8M3	8055
2	TLN	12075
2	CN1	6692
2	CN2	6521
2	TT	4333